Please input the experiment name
[(2, 2, 2)]
[(2, 2, 2)]
[(2, 2, 2)]
[(2, 2, 2)]
[(2, 2, 2)]
[(2, 2, 2)]
[(2, 2, 2)]
[(2, 2, 2)]
[(2, 2, 2)]
[(2, 2, 2)]
[(2, 2, 2)]
[(2, 2, 2)]
[(2, 2, 2)]
[(2, 2, 2)]
[(2, 2, 2)]
[(2, 2, 2)]
[(2, 2, 2)]
[(2, 2, 2)]
[(2, 2, 2)]
[(2, 2, 2)]
[(2, 2, 2)]
[(2, 2, 2)]
[(2, 2, 2)]
[(2, 2, 2)]
[(2, 2, 2)]
[(2, 2, 2)]
[(2, 2, 2)]
[(2, 2, 2)]
[(2, 2, 2)]
[(2, 2, 2)]
[(2, 2, 2)]
[(2, 2, 2)]
[(2, 2, 2)]
[(2, 2, 2)]
[(2, 2, 2)]
[(2, 2, 2)]
[(2, 2, 2)]
[(2, 2, 2)]
[(2, 2, 2)]
[(2, 2, 2)]
[(2, 2, 2)]
[(2, 2, 2)]
[(2, 2, 2)]
[(2, 2, 2)]
[(2, 2, 2)]
[(2, 2, 2)]
[(2, 2, 2)]
[(2, 2, 2)]
[(2, 2, 2)]
[(2, 2, 2)]
[(2, 2, 2)]
[(2, 2, 2)]
[(2, 2, 2)]
[(2, 2, 2)]
[(2, 2, 2)]
[(2, 2, 2)]
[(2, 2, 2)]
[(2, 2, 2)]
[(2, 2, 2)]
[(2, 2, 2)]
[(2, 2, 2)]
[(2, 2, 2)]
[(2, 2, 2)]
[(2, 2, 2)]
[(2, 2, 2)]
